min_lr: 0.000100000000 # initial learning rate
max_lr: 0.010000000000 # maximum learning rate
momentum: 0.9370000000 # SGD momentum/Adam beta1
weight_decay: 0.000500 # optimizer weight decay
warmup_epochs: 3.00000 # warmup epochs
box: 7.500000000000000 # box loss gain
cls: 0.500000000000000 # cls loss gain
dfl: 1.500000000000000 # dfl loss gain
hsv_h: 0.0150000000000 # image HSV-Hue augmentation (fraction)
hsv_s: 0.7000000000000 # image HSV-Saturation augmentation (fraction)
hsv_v: 0.4000000000000 # image HSV-Value augmentation (fraction)
degrees: 0.00000000000 # image rotation (+/- deg)
translate: 0.100000000 # image translation (+/- fraction)
scale: 0.5000000000000 # image scale (+/- gain)
shear: 0.0000000000000 # image shear (+/- deg)
flip_ud: 0.00000000000 # image flip up-down (probability)
flip_lr: 0.50000000000 # image flip left-right (probability)
mosaic: 1.000000000000 # image mosaic (probability)
mix_up: 0.000000000000 # image mix-up (probability)
names:
  #"car", "watcher", "armor", "base", "ignore"
  0: car
  1: watcher
  2: armor
  3: base
  4: ignore
